0.05023378899606219, 2.6170588133550883				
0.05198129688031504, 2.195529470097494				
0.05563197979786333, 1.7603187140740397				
0.0626450731347328, 1.1346232566720666				
0.05840516123080826, 1.026054068389767				
0.06141703229228526, 0.9171562494594889				
0.06247210963579654, 0.6814588894590274				
0.06583624969010707, 0.4955058317526384				
0.0661660334280789, 0.35953922523883364				
0.0710931869677769, 0.268681499247609				
0.07755395019804322, 0.1958811625453305				
0.08670198965678279, 0.16374454444297015				
