0.03429174329910578, 2.8488990873292708			
0.03525687962317019, 2.3775562563780293			
0.03507180867930838, 1.892670383460077			
0.034898845180372104, 1.439506016247038			
0.03480890416092525, 1.2038605452962576			
0.03399712880591767, 1.0770091151763936			
0.03471550387149966, 0.9591517870012161			
0.033485733394062744, 0.737153136116508			
0.033779194797257966, 0.5060220124879642			
0.03144591719660761, 0.39283469878406674			
0.03292763783749503, 0.2749427779091018			
0.03136462435210756, 0.1798474461939379			
0.03248369819022527, 0.11182090206230111			
